100026
100027
100028
100029
100030
100031
100032
100033
100034
100035
100036
100037
100040
100045
100046
100047
100070
100071
100072
100073
100075
100077
100139
100173
1001930
1001931
100281
100282
100322
100323
100330
100331
100335
100336
100339
100340
100342
100343
100344
100345
100346
100349
100388
100423
100471
100478
1004824
1004825
1004826
1004827
100500
100506
100507
1005266
1005267
1005268
1005269
1005270
1005271
1005272
1005273
1005275
1005276
1005277
1005278
1005279
1005280
1005281
1005282
1005283
1005284
1005285
1005286
1005287
1005288
1005289
1005290
1005291
1005292
1005586
1005587
100606
100638
100639
100640
100641
100642
100643
100644
100645
100646
100678
100679
100680
100681
100682
100727
100728
100729
100730
100732
100733
1007405
1007406
100815
100827
100831
100887
100894
1009280
101085
101089
101168
101170
101187
101213
101214
1012236
101249
101250
1013014
1013015
101330
101331
101332
101333
101337
101338
101339
101340
101341
101342
101397
1015402
101548
101550
101556
101558
101560
101582
1015841
1015842
1016001
1016024
101619
101620
101632
101633
101634
101635
101636
101647
101648
1016856
1016874
1017010
1017011
1017012
1017013
1017014
1017015
1017016
1017017
1017018
1017019
1017020
1018273
1018274
1018275
1018276
1018278
1018279
1018295
101864
101865
101881
101902
101951
101952
101953
101954
101955
101956
101974
102028
102037
102038
102041
102066
1020669
102068
1021166
1021167
102248
102249
102250
102255
102257
102294
102295
102296
102308
102309
102375
102485
102537
102610
102625
102626
102793
102794
1028706
1028707
1028708
103042
103044
103081
103082
103085
103086
103087
103141
103142
103143
103144
103145
103146
103148
103194
103196
103197
103207
103211
103212
103283
103284
103285
103286
103287
103289
103354
103355
103356
103357
103358
103441
103455
103519
103537
103538
1036309
1036310
1036311
1036312
1036313
1036315
1036316
1036317
1036318
1036319
1036320
1036392
1036393
1036394
1036395
1036396
1036398
1036399
1036400
1036401
1036402
1036403
1036428
1036429
1036462
1036464
1036466
1036467
1036468
1036471
1036473
1036650
1036651
1036652
1036653
1036654
1036655
1036656
1036657
1036658
1037019
1037020
1037021
1037022
1037023
1037024
1037025
1037026
1037027
1037028
1037029
1037151
103737
103742
103815
103816
103817
103821
103824
103825
103826
1038432
1038433
1038434
1038435
1038436
1038438
1038439
1038440
1038441
1038442
1038443
1038444
1038445
1038446
1039823
1041418
1041419
1041432
1041448
104187
104188
104290
104294
104301
1043436
1043461
1043471
104400
104401
104402
104403
104404
104421
1044251
1044252
104431
104432
104442
104445
104509
104510
104511
104512
104513
104559
104563
104582
104606
104639
104640
104644
104645
104646
104647
104737
104738
1047582
104787
1047980
1047981
104929
104930
104968
104969
1050061
105103
1051177
1051178
1051179
105120
1051670
105171
105174
105220
105226
105230
105326
105330
105335
105336
1053374
1053375
1053376
1053377
1053378
105338
1053391
1053397
105348
1053568
105382
1053874
1053875
105413
105414
1054518
1055250
105558
105559
105636
105637
105662
105685
105686
105687
105688
105690
105691
1056913
105692
105693
105695
105696
105761
105762
105765
105799
105803
105804
105805
105857
105858
105859
105860
105861
105862
105863
105864
105865
105866
105867
105875
105924
105925
1059578
1059579
106037
106039
106040
106090
106100
106146
106327
106337
106368
106370
1063851
1063852
1063853
1063854
1063855
1063856
1063857
1063858
1063859
1063860
1063861
1063862
1063863
1063864
1063865
1063866
1063944
1064115
1064467
1064469
1064655
1064679
1064680
1064681
1064682
1064683
1065030
1065031
1065032
106557
106558
106559
106610
106611
106619
106620
106681
106683
1066896
1066897
1066898
1066899
1066900
1066901
106705
106725
106777
106778
106779
106780
106781
106782
106783
106784
106785
106786
106787
106788
106789
106830
106831
106833
106838
106839
106840
106841
106842
106884
1069352
106950
107007
107008
107041
107046
107066
107067
107068
107069
107070
107071
107100
107148
107149
1071710
107202
107294
107295
107389
107390
107391
107392
1073930
107402
107434
107436
107437
107438
107439
107440
107445
1074637
107543
107544
107545
1075455
1075456
1075457
1075458
107554
107558
107586
107587
107909
107910
1079827
1079828
108000
108005
108010
1080330
1080515
1080516
1081358
108147
108199
1082149
1082231
108292
108293
108312
108313
108319
108321
108322
108327
108328
108329
108330
108331
108332
108334
1083348
1083349
108335
1083350
1083351
1083352
1083353
1083354
1083355
108336
108337
108338
108339
108340
108341
108446
108447
108451
108452
108482
108517
108518
108521
1085684
1085685
1085686
108578
108579
108613
108616
108617
108618
108619
108620
108693
1087134
1087135
1087138
1087141
1087143
1087144
108771
108785
1088051
1088052
1088053
1088054
1088055
1088056
1088137
1088138
1088139
1088140
1088141
1088142
1088213
1088214
1088215
1088216
1088217
1088218
1088224
1088225
1088279
1088280
1088281
108858
108884
109014
109015
109021
109086
109087
109088
109089
109090
109091
109109
109118
109130
109131
109132
109136
109138
109176
1093113
1093114
1093140
109344
1093600
109374
109375
109414
109458
109459
1095206
1095207
1095208
1095209
1095210
1095211
109572
109575
109576
109729
109730
109772
109773
1097847
1097848
109923
109925
109926
1099667
1099668
1099669
1099670
1099671
1099672
110009
110025
110026
110027
110028
110029
110030
110031
110038
110042
110044
110047
110131
110132
110172
110173
110201
110202
110203
110204
110205
110207
110209
110211
110213
1102667
110353
110356
110357
110358
110370
110371
110372
110373
110374
110375
110378
1103938
1103939
110444
110445
110457
110699
110703
110707
110709
110710
110711
110713
110714
110715
110716
110717
110718
110719
110720
110721
110722
110723
110725
110780
110781
110782
110785
110786
110787
110792
110793
110794
110795
110796
110801
110802
110803
110834
110836
110837
110904
110905
110906
110907
110908
110909
110910
110911
110912
110919
110928
110934
110950
110955
1109707
110980
110995
110998
111006
111008
111009
111010
111011
111013
111021
111046
111048
111170
111240
111261
111388
111394
111399
111400
111402
111403
111404
111416
111551
111552
111587
111588
111599
111622
111623
111624
111625
111626
111629
111873
111875
111876
111878
111959
1120760
1120761
1120762
1120763
1120764
1120765
1120766
1120767
1120768
1120769
1120770
1120771
1120772
1120773
1120774
1120775
1120776
1120777
1120778
1120779
1120780
112230
112333
112419
112420
112421
112423
1124376
112530
112531
112532
112534
112535
112536
112537
112539
112540
112541
112542
112543
112544
112545
112546
112548
112564
1126609
1126612
1126613
1126614
1126615
1126616
1126618
112776
112777
112778
112798
112825
112826
112831
112833
112834
112835
112852
112853
112854
112855
112856
112857
112865
112866
1129073
1129074
1129075
1129076
1129077
1129078
1129079
1129080
1129081
1129082
1129083
1129084
1129085
1129086
112916
112917
112918
112919
112920
112921
112922
112925
112926
112927
112928
112929
112930
112931
112932
112940
112941
1129818
112996
112997
112998
112999
113000
113001
1130077
1130078
1130082
113125
113126
113127
113128
113134
1131601
1131717
113221
113225
113340
113341
113342
113343
113344
113417
113418
113419
113420
113421
113422
113653
113685
113855
113858
113861
113862
113863
113864
113865
113866
113867
113868
113869
113887
113889
113890
113891
113906
113908
113956
113957
113958
113999
114013
114014
114020
114029
114077
114255
114437
114438
1146162
1146164
1146165
1146166
1146168
1146169
1146170
1146171
1146172
1146173
1146174
1146175
1146176
1146177
1146178
1146179
1146180
1146181
1146183
1146184
1146185
1146186
1146187
1146188
1146189
1146190
1146191
1146192
1146193
1146195
1146196
1146197
1146199
1146260
1146261
1146724
1147177
1147240
1148096
1148449
1150177
115051
115053
115054
115059
115060
115061
115062
115063
115064
115065
115066
115067
115068
115069
115070
1153643
1153645
115423
115532
115601
1156747
115733
1158261
1158262
1158263
1158264
1158265
1158266
1158267
1158268
1158269
116051
116060
116062
116063
116064
116065
116066
116067
116068
116069
116070
116072
116073
116074
116075
116076
116077
116078
116079
116080
116287
116290
116291
116292
116293
116294
116295
1164424
1165782
116862
116863
116866
116867
116870
116871
116872
116873
116875
116876
116877
116878
116879
116880
116890
116891
116893
116896
116999
117000
117003
117004
117005
117007
117010
117011
117014
117018
117019
117020
117139
117150
1172870
117423
117428
1174394
1174395
1174396
1174397
1174398
1174408
117523
117524
117525
117526
1176415
1176416
1176417
1176418
1176419
1176420
1176421
1176422
1176423
1176424
117647
117682
1179042
1179043
1179044
1179045
117948
117949
117950
117951
117952
117959
118032
118033
118034
118035
118037
118099
1181081
1181082
1181083
1181084
118287
118288
118289
118290
118292
118293
118294
118295
118296
118297
118298
118299
118301
118302
118303
118304
118305
118306
118307
118309
118317
1185140
118656
118657
118675
118676
118677
118678
118679
118680
118681
118682
118683
118714
118768
118882
118893
118895
118899
118904
118905
118908
118909
118914
118916
118920
118921
118923
119051
119052
119238
119241
119247
119829
119830
119831
119867
119918
1203191
120477
120628
120755
120756
1207593
1207649
1207650
1207651
1207652
1207653
1207654
1207655
1207656
1207657
1207658
1207659
1207660
1207661
1207662
1207663
1207664
1207665
1207666
1207667
1207668
1207669
1207670
1207671
1207672
120786
120787
120788
120789
120790
120791
120792
121118
121122
1211688
1211689
1211690
1211691
1211692
1211693
1213332
121394
121395
121396
121397
121398
121399
121400
121401
121404
1215157
121535
1215417
1215418
121868
121869
1220293
122126
122200
122201
1222709
122308
122309
1223317
122347
122349
122350
122351
122352
122354
1223672
1223673
1223674
1223675
122390
1224383
1224384
1224385
1224386
1224387
1224388
122482
122550
122551
122691
122715
122796
1228189
1228190
1228191
1228192
1228193
1228194
1228195
1228196
1228197
1228198
1228199
1228200
1228624
122866
122868
122870
122947
123043
123044
123045
1230687
1231075
1231076
1231077
1231078
1231079
123302
123303
1233192
1233193
1233194
1233195
123353
123354
123471
123472
123787
123794
123811
123958
124034
124035
124036
124037
124038
124039
124040
124041
124042
124043
124185
124186
124249
124336
124358
124360
124361
124362
124363
124367
124368
124369
124370
124371
124372
124373
124374
124375
124526
124532
124533
124534
124535
124614
124682
124707
124708
124709
124836
125064
125066
125067
125068
125069
125070
125071
125102
1252876
125381
125386
125393
125514
1255206
125872
125877
125882
125892
125947
126195
126196
126197
126281
126282
126283
126284
126285
126286
126542
126544
126545
126660
126813
126820
127151
127152
127193
127196
127214
127243
127249
127253
127261
127275
127316
1273628
1273629
1273630
1275114
1275115
1275116
1275117
1277085
127889
127890
127891
128001
128057
128058
128065
128076
1282328
128329
128336
128344
128350
128351
128373
128439
128482
128483
128484
128485
128558
128559
128584
128640
1287882
1287883
1288648
1288649
1288650
1288651
1288652
128911
128913
128914
128915
129051
1291011
129107
129108
129109
129110
129111
129287
129288
129289
129685
129789
129867
129871
129872
129889
129890
129891
129892
129894
129895
129896
129898
129899
129906
129907
129908
129909
129910
129911
129912
129914
129915
129916
129917
129918
129919
129920
129922
129923
129924
129925
129926
129927
129928
129929
129930
129931
129932
129936
129937
129973
129975
129978
129979
129982
129986
129987
129988
129992
130001
130003
130013
130014
130015
130016
130017
130030
130031
130032
130036
130037
130042
130046
130049
130057
130061
130075
130088
130206
130441
130442
130443
130449
1307396
1307397
1307398
1307399
1307400
130788
130960
130961
130962
130964
130967
130968
130969
130971
130972
130973
130974
130975
130976
130977
130978
130979
130980
130986
131020
131090
131091
131105
131249
1312949
1312950
1312951
1312952
1312953
1312954
1312955
1312956
1312957
1312958
1312959
1312960
1312961
1312962
1312963
1312964
1312965
1312966
1312968
1312969
1312970
1312971
1312972
1312973
1312974
1312975
1313200
131326
131328
131329
1313532
1313533
1313534
1313535
1313538
1313542
1313543
1313544
1313545
1313550
1313551
1313552
1313553
1313554
131372
131374
131376
1313801
131383
131438
131453
131487
131500
1315830
1315831
1315832
1315833
1315834
1315835
1315836
1315837
1315838
1315839
1315840
1315841
1315842
1315843
1315844
1315845
131601
131602
131604
131605
131720
131723
131725
131727
131730
131733
131969
131971
131980
1320334
132053
132054
132055
132056
132057
132058
132059
132060
132061
132062
132204
1322464
1322465
1322469
132349
132420
132421
132422
132423
132424
132425
132426
132427
132428
132429
132430
132431
132432
132433
132434
132435
132436
132438
132440
132441
132442
132444
132445
132446
132447
132448
132449
132450
1324574
132536
132560
132562
132563
1327299
1329184
1329185
1329186
1329188
133077
133078
133079
133084
133086
133275
133276
133374
1335002
133568
133582
1336194
133776
1339228
133989
133991
133992
133993
133994
1341427
1341742
1341743
1341744
1341745
1344037
1344038
1344039
1344040
1344041
1344042
1344043
1344044
1344045
1344046
1344047
1344048
1344049
1344050
1344051
1344052
1344053
1344054
1344055
1344056
1344057
1344058
1344059
1344060
1344061
134543
134601
134603
134609
134611
134612
134613
134617
134618
134619
134621
134622
134623
134624
134630
134631
134633
134636
134637
134705
1349593
135059
135062
135064
135065
135066
135071
135072
135073
135074
135075
135077
135078
135079
1351747
135214
135215
135216
135217
135218
135219
135220
135221
135222
135363
135364
135365
135455
135456
135457
135458
135459
135460
135461
135462
135465
135493
1356107
1356633
1356634
1356635
1356636
1356637
1356638
1356639
1356640
1356641
1356642
1356644
1356645
1356647
1356648
1356649
1356650
1356651
1356652
1356653
135671
135672
135673
135674
135675
135676
135677
135701
135730
135753
135757
135771
135777
135789
135790
135792
135793
135803
135804
135805
135806
135807
135808
135810
136023
136024
136074
136167
136235
136236
136243
136385
136393
136394
136397
136403
136404
136405
136523
1366134
136634
136635
136636
136638
136639
136640
1368052
1368053
1368054
1368055
1368056
1368057
1368058
1368059
1368061
1368062
1368063
1368064
1368066
1368067
1368068
1368069
1368070
1368071
1368072
1368073
1368074
1368075
1368076
136935
1371988
137229
137707
1378611
137976
137977
138039
138054
138056
138092
138093
138095
138101
138102
138178
138179
138180
138183
138185
138186
138187
138188
138189
138191
138192
138193
138194
138195
138196
138197
138199
138200
138201
138202
138203
138204
138205
138207
138208
138253
1382593
1382594
1382595
1382596
1382597
1382598
1382599
1382600
1382601
1382602
1384321
1384322
138557
138581
1387346
1389866
1389867
139429
139430
1395582
1395584
1395585
139623
139645
139646
139655
1396885
1396886
1396888
1396889
1396890
1396891
1396892
1396893
1396894
1396897
1396898
1396899
1396900
1396901
1396902
1396903
1396904
1396905
1396906
1396907
1396908
1396909
1396910
1396911
139733
139737
1397588
139763
139764
139765
139767
1399249
139934
1399418
140511
140534
140545
140547
1409877
1411168
1411169
1411685
1411686
1411687
1411688
1411689
1411690
1411691
1411692
1411693
1411694
1411695
1411696
1411697
1411698
1411699
1411700
1411701
1411702
1417953
1417954
1417955
1417956
1417957
1417958
1417959
1417960
1417961
1417962
1417963
1417964
1417965
1417966
1422542
1422545
1422546
1422547
1422991
1423009
1423014
1423085
1432660
1432739
1432740
1432741
1435439
1435440
1436273
1436274
1436275
1436276
1436277
1436278
1437919
1439534
1439537
143966
1440463
144106
144422
1450243
1450317
1450318
1450319
1450320
1450321
1450322
1450323
145065
1451897
1451898
1451899
1451900
1451901
1452668
1452669
1452670
1452672
1452673
1452674
1452675
1452676
1452677
1452678
1452679
1452680
1452681
145328
145329
145330
145331
145352
1453582
145363
145365
1454014
1454015
1454016
1454017
1454018
145419
1454387
1454388
1454389
145495
145496
145497
145499
145500
145501
145502
145503
145504
145507
145508
1455627
1455628
1455630
1455661
1458668
1458669
1458670
1458671
1458672
1458673
1458674
1458675
1458676
1458677
1458678
1458679
1458680
1458681
1458682
1458683
1458684
1458685
1458686
1458687
1458688
1458689
1458690
1458691
1458692
1458693
1458694
1458695
1458696
1458697
1458698
1458699
1458700
1458701
1458702
1458703
1458704
1458705
1458706
1460441
1461200
1464288
1464289
1467362
1472695
1472696
1473393
147463
147499
147525
147729
147736
1481222
1481223
1481523
1481537
148292
148293
1482988
1482989
1482990
1483720
1483721
1484067
148452
148454
148457
1485510
148764
1489589
1489590
1489591
1489592
1489593
1489594
1489595
1489596
1489597
1489598
1489599
1489600
1489676
1490842
1490843
1490844
1492345
149255
149305
149307
1494102
149614
1496712
1501544
1501545
1501546
1501547
1501548
1501549
1501550
1501590
1501591
150242
1502911
1504272
1505017
1505018
1505019
1505020
1505021
1505022
1505023
1505024
1505025
1505026
1505027
1505029
1505031
1505032
1505033
1505034
1505036
1505037
1505134
1505135
1505136
1508788
1508789
1508790
1508791
1509643
1509867
1509868
1512169
151360
151365
151370
151376
1513803
1514493
1514494
1514495
1514496
1514497
1514498
1514499
151450
1514500
1514502
1514900
1514901
1514902
1514903
1514904
1514905
1514906
1516886
1516887
1517909
1517910
1517911
1517923
1519467
1519468
1519469
1519470
1519471
1522954
1527408
1527409
1527410
1527416
1527417
152773
152775
152776
153098
153100
153101
153102
1533026
1533028
153368
153369
153370
153377
1535134
1535135
1535136
1535137
1535138
1535139
1535140
1536353
1536354
1536355
1536356
153852
153943
153948
153951
153956
153957
153959
153960
153961
153963
153964
153966
153968
1558696
1558738
1558739
1559370
1559483
1566089
1566090
157174
1572114
1572508
157581
157812
1581199
1581200
1581201
1581202
1581203
1582374
1582375
1582376
1582377
1582378
1582379
1582380
1582381
1582382
1582383
1582384
1582385
1582386
1582387
1582388
1582389
1582390
1582391
1582392
1582393
1582394
1582395
1582396
1582397
1582398
1582399
1582400
1582401
1582402
1582403
1582404
1582405
1582406
1582407
1582408
1582409
1582410
1582411
1582412
1582413
1582414
1582415
1582416
1582417
1582418
1582419
1582420
1582421
1582422
1582423
1582424
1582425
1582426
1582427
1582428
1582429
1582430
1582431
1582432
1582433
1582434
1582435
1582436
1582437
1582438
1582439
158248
158249
158250
1591710
1592665
1592666
159693
159694
159695
159696
1600243
1600244
1600245
1600246
1600247
1600248
1600249
1600250
1601406
1601763
1602764
161025
161026
161091
161092
161093
161094
1614063
1614064
1614065
161438
161459
161461
161717
161718
1619332
1620053
1620054
1620055
1620056
1620057
1620061
1620062
1620063
1620064
1620066
1620068
162092
162100
1621241
162282
162283
162284
162285
1623063
1623064
162330
162331
162332
162333
162334
162335
162336
162337
162338
162399
1624039
162575
1626828
1628448
1628449
1628454
1628455
162861
162862
162863
162890
162892
162893
162898
1629496
163021
163738
163739
163740
163758
163760
163761
163762
163763
163764
1646872
1646897
1646931
165115
165154
1652975
1652976
165845
165846
165847
166277
166279
166280
1663773
1663774
167064
167069
167107
167108
167109
167110
167111
167112
167113
167114
167850
168074
168075
168076
168077
168078
168079
168080
1681115
1681116
1681117
1681118
1681119
1681120
1681121
1681122
1681123
1681124
1681182
1681183
1681184
1681234
1681235
1681236
1681237
1681239
1688588
168904
168905
168906
168907
168908
168909
168928
1693696
169526
1698946
1698947
1700791
170133
170134
170135
170179
170180
170185
1706456
1706457
1706458
1706459
1706460
1706461
1706462
1706463
1706464
1706465
1706466
1706467
1706468
1706469
1706470
1706471
1706472
1706474
1706475
1706476
1706477
1706478
1706479
1708614
170991
1716273
1716274
1716275
1716276
1716277
1716278
1716279
1716280
1716281
1716282
1716283
1716284
1716285
1716286
1717684
1717685
1717686
1722406
1722408
1722409
1722410
1722411
1722412
1722413
1722414
1722415
1722417
1722418
1722419
1722420
1722421
1722422
1722423
1722424
1722425
174325
1743321
1743322
174365
1745353
1745354
1750620
1750622
1750623
175194
1758046
175914
175915
176193
1764652
1764653
177007
177008
177009
1772289
1772294
1772295
1772309
1772312
1772543
1772591
1772593
1777452
1778123
178192
178193
178194
178195
178196
178197
178199
178200
178201
178202
178226
178340
180689
180690
180691
180692
180693
180694
185290
185291
185292
185293
185719
186199
186200
186201
186202
186203
186204
186541
186542
186543
186544
186545
186546
186547
186548
186549
186550
186551
186552
186553
186554
186555
186556
186557
186558
186559
186560
187279
187280
187281
187282
187283
187284
187285
187543
187991
187992
187996
188018
188019
188402
188403
188495
188496
188497
188498
188499
188500
188501
188502
188503
188504
188505
188506
189403
189404
189519
189520
190247
190248
190249
190250
190252
190253
190399
190401
190402
190415
190698
191072
191077
191078
191079
191081
191369
191963
191964
191965
191966
191967
191968
192039
192041
192042
193955
194884
195196
195680
195682
195683
195684
195685
195686
195696
195697
195698
195699
195700
196121
196122
196123
196124
196125
196126
196127
196130
196138
196187
196188
196189
196190
196191
196192
196193
196194
196195
196196
196207
196208
196209
196210
196211
197005
197882
199524
199659
199660
199661
199662
199663
199664
199665
199666
199814
199818
199819
199820
200003
200004
200005
200006
200007
200008
200009
200010
200011
200074
200075
200076
200077
200078
200079
200080
200081
200082
200083
200212
200369
200683
200684
200685
200687
200688
200689
200690
200691
200692
200693
200694
200695
200696
200697
200961
200962
200963
200964
200965
200966
200967
200968
200969
200973
201511
201957
201958
201959
201960
201961
201962
202263
202264
202265
202266
202267
203169
203217
203218
203280
203281
203282
203283
203284
203285
203286
203287
203288
203289
203290
203298
203344
203860
203983
204243
204267
204391
204392
204393
204394
204396
204397
204477
204951
204952
204953
204954
204955
204956
204957
204958
204959
204960
204961
204962
205448
205449
205450
205624
206038
206317
206318
206319
206431
206462
206492
206493
206494
206495
208247
208248
208267
208367
208547
208632
208718
208719
208720
208721
208722
208723
208724
208725
208726
208727
208728
208730
208731
208732
208741
208810
209086
209087
209795
209796
211915
212094
212098
212133
212134
212135
212136
212137
212138
213384
213385
213386
213387
213388
213389
213390
213887
213888
213889
214246
214247
214248
214249
214250
214251
214252
214253
214255
214256
214479
214480
214481
214482
214675
214676
214904
215386
215844
215845
215846
215990
215991
215992
215993
216761
216762
216763
217015
217016
217017
217018
217019
217020
217022
217023
217024
217025
217026
217027
217028
217029
217030
217031
218729
218730
218731
220653
221686
222140
222687
222688
222689
222690
222691
222692
222693
222694
222695
222696
222697
222698
222747
222781
222782
222783
223146
223730
223731
224026
224108
224503
224504
224829
225354
225935
225936
225937
225939
225940
225941
225943
225945
225946
225947
225948
225949
225950
225951
225952
225953
225954
225955
225956
225957
225958
225959
225960
225961
225962
225963
225965
225966
225967
225968
225969
225970
225971
225972
225973
225974
225976
225977
225978
226160
226568
226633
226639
226669
226674
226677
226679
226683
226684
226685
226769
226770
226771
226772
226773
226774
226775
226954
227387
227388
227615
227616
228070
228302
228303
228304
229331
229596
229598
229599
229600
229601
229602
229603
229604
229605
229606
229607
229953
229954
229955
229956
229957
229958
229959
229960
230152
230153
230349
230909
230923
231207
231944
232368
232909
232910
232911
232912
232913
232914
232915
232916
233186
233187
233188
233189
233190
233191
233192
233193
233194
233195
233196
233197
233198
233199
233332
233333
233334
233335
233336
233337
233338
233722
233963
233970
235279
235653
235725
235726
236142
236143
236144
236145
236146
236147
236148
236159
236171
236172
236173
236241
236922
237181
237182
237183
237623
237624
237626
237627
237628
237629
237630
237631
237632
237633
237634
237635
237636
237638
237640
237642
237643
237644
237646
237735
237736
237737
237738
237739
237740
237741
237742
238413
238414
238415
238416
238417
238418
238419
238420
238421
238422
238423
238618
238635
238636
238637
238638
238639
239180
239181
239182
239183
239184
239185
239186
239187
239188
239189
239190
239191
239192
239193
240280
240290
240291
240292
240293
240294
241231
241232
241233
241234
241235
242222
242223
242224
242225
242231
242232
242233
242236
242237
242305
242559
242560
242577
242578
242579
243014
243015
243016
243017
243018
243266
243313
243836
244777
244778
244779
244780
246494
247069
247070
247402
247515
247516
247517
247674
248169
248170
248185
248186
248187
248188
248189
248190
248191
248192
248193
248395
249518
249519
249520
249521
249522
249523
249524
250041
250042
250142
250143
250392
250393
250394
250395
250396
250397
250398
250400
250401
250402
250739
250767
251163
251402
252119
252175
252614
252631
252632
252633
252634
252635
252636
252637
252638
252640
252653
252683
252784
252785
252786
254558
255068
255069
255172
255237
255238
255239
255241
255495
255496
255497
255522
255648
255657
255658
257178
257583
257585
257586
257587
257588
257589
257590
257591
257592
257593
257594
257595
257596
257597
257598
257599
257600
257881
258879
259007
259008
259164
259165
259180
259838
260054
260055
260056
260105
260221
260222
260224
260537
260538
260539
260540
260541
260542
260543
261582
261583
261762
263198
263199
263200
263225
263226
263989
263990
263992
263993
263994
263995
263996
263997
263998
263999
264000
264707
264708
265204
265473
265474
265590
265591
265592
265728
265729
265730
265732
267095
267484
267486
267487
267490
267657
267658
267659
267660
267661
267662
267663
267664
267666
267667
267784
267853
268657
269117
269118
269119
269120
269121
269122
269123
269124
269125
269126
269127
269128
269129
269443
269800
269801
269997
270321
270322
270323
270324
270392
270393
270394
270395
270396
270397
270398
270399
270400
270401
270453
270454
270455
270456
270938
270939
270940
271300
271301
271302
271303
271304
271305
271550
271864
271865
271866
271867
271868
271869
271870
271871
271872
271873
271874
271875
271876
271877
271878
274379
276681
276931
276932
276933
276935
276936
276937
276938
276939
277703
277704
277709
277710
278141
278153
278154
278155
278455
278456
278457
278458
278459
278460
278461
279669
280278
280279
280280
280281
280282
280283
280284
280285
280654
280753
281374
281375
281376
281457
281458
281459
281460
282026
282141
282598
283342
283361
285364
285365
285366
285367
285368
285369
285376
285602
285603
285604
285605
285606
285607
285608
285609
285610
286158
286159
286160
286161
286162
286886
286985
286986
286987
287448
288349
288350
288351
288352
288353
288354
288355
288446
288447
288609
288801
288802
289646
289648
289649
289650
289651
289652
289653
289654
289655
289658
289659
289660
289661
289662
289663
289664
289665
289666
289667
289668
289669
289670
289671
289672
289673
289674
289675
289676
289677
289678
289679
289681
289682
289683
289685
289686
289687
289688
289689
289690
289691
289692
290506
293137
293452
293453
293454
293455
293457
293817
293818
293819
293987
294010
294160
295746
295747
295749
295750
296801
296802
296803
296804
296805
296806
296807
296808
297759
298586
298588
298592
298593
299216
299291
301064
301065
301066
301798
301804
301805
301885
301886
301887
301888
301889
301915
301916
301917
301918
301919
301920
301921
301922
301923
301924
301925
301926
301927
301928
301929
301930
301931
301932
301933
301934
302390
302939
303901
303902
303903
306466
308214
309919
311320
311321
311322
311327
311328
311329
311331
311332
313444
313609
313873
313875
313876
313877
313878
313879
313880
313881
313882
313883
313884
313917
314000
314001
314002
314003
314437
314438
314439
314440
314441
314442
314586
314587
314588
314589
314590
314591
314592
314748
314749
314750
314751
314969
315033
315359
316358
316606
317215
318043
318044
318045
318843
318844
318918
319831
319832
321050
325010
325022
325023
325025
325057
325062
325065
325066
325067
325075
325076
325077
325079
325080
325083
325084
325085
325086
325087
325155
325156
325157
325158
325159
325161
325170
325171
325172
325173
325174
325175
325187
325188
325189
325191
325192
325193
325194
325195
326895
326896
32770
331045
331105
331326
331327
331328
331329
331332
331334
331335
331336
331337
331338
331347
331348
331349
331700
331701
331744
331745
331746
331747
331748
331749
331750
331751
331752
331753
331754
331755
331756
331757
331758
331762
331763
331764
331765
331766
331768
331769
331770
331771
331772
331775
331778
331779
331780
331781
331782
331783
331784
331785
331786
331791
331792
331794
331795
331796
331797
331798
331799
331800
331801
331802
331803
331804
331805
331806
331807
331808
331809
331812
331813
332164
332810
333704
333705
338196
338508
338509
338910
342378
343529
343530
343531
343533
343534
343535
343536
343537
343538
343541
343542
343543
343544
343546
343547
343548
343549
343550
343551
343552
343553
343554
343555
343556
344820
346287
346288
346289
346290
347582
34783
34784
34785
347926
347932
347935
347936
347938
348502
350273
350274
350275
350276
350277
351479
35269
353684
353686
353736
354371
354668
356074
356580
357557
357739
357788
357802
357806
357816
357854
358064
358257
358287
358353
360006
360007
360009
360067
360068
360069
360070
360072
360073
360074
360075
360076
36069
36075
36082
36086
36088
36090
36091
36092
362398
362964
362965
363052
363533
363534
363535
36371
36372
36373
36374
363825
364253
364254
364256
364268
364269
364897
365170
365370
366248
366249
366250
366252
366253
366254
366255
366279
366361
366724
366725
366726
366727
366932
366956
366957
366958
367343
367344
368147
368148
368149
368622
368623
368889
368890
368891
369099
369988
369989
37003
37004
37009
37010
37011
37012
370212
370217
370517
370518
37065
370883
370884
370885
370886
370887
370889
37091
37093
37095
370988
370993
371103
37111
37137
37179
372053
372054
372055
372056
372057
372058
372059
37211
372112
372114
37213
37215
37217
37219
37221
37223
37225
37227
37229
372535
372601
372602
37266
37267
37272
37274
37275
37276
37278
37280
37282
37283
37284
37285
37286
37287
37288
37289
37303
37304
37322
37323
37325
37326
37327
37328
37329
37330
37331
37332
37335
37358
37361
37365
37366
373701
373702
373703
373704
373705
373706
37384
37402
37404
37415
37416
374397
374398
37506
375065
375080
375081
375236
375237
375239
375240
375241
375242
375243
375244
375245
375246
375247
375248
375249
375250
375251
375252
375253
375254
375255
375256
375257
375258
375259
375260
375261
375262
375263
375264
375265
375266
375267
375268
375269
375270
375271
375273
375274
375275
375276
375277
375278
375279
375280
375281
37568
37569
37620
37621
37622
376235
376243
376244
376245
376252
376257
376258
376259
376260
37627
376519
37653
377227
377228
37730
37731
37743
37744
37745
37746
37747
37748
37749
37750
37751
37765
37766
37772
37785
37786
37787
37788
37789
378036
378053
37825
37841
37861
37863
37864
37865
37866
37868
37879
37880
37881
37883
37885
37886
37887
37888
37890
37928
37962
37964
37965
37966
37967
37968
37969
37972
37989
37991
37992
38009
38035
38066
38087
38091
38094
38095
38096
38110
38111
38112
38157
38261
38290
38291
38292
38293
38294
38295
38296
38297
383021
383022
383023
38318
384085
384086
384087
384098
38416
384373
384574
384575
38464
38465
38492
38493
38494
38495
38496
38497
38498
38554
38557
38558
38559
385609
38562
38564
38631
38635
38636
38637
38638
38639
38640
38641
38642
38643
38644
38645
38646
386838
386839
386841
386846
387222
387223
38741
38753
38781
387871
387872
388482
388565
388566
388568
388569
388570
388571
388627
388628
388629
388630
388631
388632
389250
389251
390065
39009
39010
39011
39012
39025
39026
39027
39028
39029
39050
39084
39085
39086
39087
390916
390933
390936
39106
39107
39108
39109
39123
39124
39142
39150
39152
39157
39158
39159
39160
39163
39164
39165
39166
39168
39179
39180
39181
39182
39202
39208
39245
39246
39247
39295
39296
39298
393207
39344
39345
39347
39349
39353
39355
39358
39359
39360
39361
39368
39369
39370
39371
39372
39381
394203
39441
39442
39443
39444
39445
39447
39459
39460
39461
39462
39463
39495
39496
39497
39498
39499
39505
395051
395052
395053
395054
395055
39507
39534
39549
39550
395607
39572
39573
39579
39585
39635
39636
39637
39638
39639
39640
39641
39642
39643
39644
39645
39646
39647
39648
39649
396751
39677
39678
397011
39729
39730
39749
39751
39752
39759
39768
39769
39806
398259
398303
398304
39869
39870
39878
39879
39880
39890
39891
39892
39893
39922
39923
39924
39925
39926
39927
39928
39929
39930
39946
39950
399559
399560
399561
399562
399563
399564
399566
399567
39967
399899
39993
40008
40009
40010
40011
40017
400235
400236
400237
400238
40051
40052
40066
40067
40085
40116
40117
40118
40119
401467
40171
40172
40176
40179
40184
40194
40195
402111
40261
40281
40282
40296
402963
402964
40298
40311
40312
40349
40356
40357
40358
40359
40360
40361
40362
40363
40443
40447
40448
40449
40450
404958
404959
40509
40550
405822
405823
405825
405826
40583
40584
40585
405883
405884
405886
405887
405888
405889
405891
40601
40602
40607
40608
40614
40631
40632
40636
406449
40659
40660
40661
40662
40663
40666
406859
40741
40746
407638
407639
40835
40836
40841
40842
40843
40844
40845
40846
40847
40848
40876
40877
40886
40888
40892
40893
40900
40906
40915
40920
40921
40922
40923
40926
409624
409625
409626
409627
409628
409629
409630
409631
409632
409633
409634
409635
409636
409637
40982
40984
40985
40986
40987
40988
40989
40990
40991
40992
40993
40994
41075
41077
41079
41080
41081
41082
41083
41084
41085
41086
41087
41089
41090
41091
41092
41098
41104
41105
41106
41107
41108
41109
41110
41111
41140
41141
41154
41178
41216
41246
41271
41272
41275
41308
41339
41357
41359
41360
41458
41465
41466
41484
41486
41493
41509
41521
415278
416558
416682
416683
416684
41704
41705
41713
41714
41729
41732
418349
41909
41925
41926
41927
41928
41929
41930
41937
41938
41939
41940
41969
41970
41984
41985
41997
42025
42035
42036
42040
42041
42042
42043
42044
42045
42046
42155
42156
421639
42179
42186
42192
42193
42194
42211
42224
42226
422367
422368
422369
42237
422370
42250
42268
42290
42291
42293
423069
42322
42323
42324
42325
42326
42327
42328
42329
42330
42331
42332
42333
42365
42370
42372
423816
423818
423819
423820
423825
42386
424211
424212
424213
424214
424215
42432
42435
42468
42500
42501
425318
425319
425320
425321
425322
425345
425363
42545
425600
425601
42575
42576
42606
42629
42631
42632
42633
42634
42636
42637
42638
42652
42707
42708
42709
42721
42722
42727
42733
42734
42817
428173
42821
42822
42823
42836
42839
42840
42841
42844
428602
428603
428604
428605
428606
428607
42863
42880
42881
42882
42892
42897
42898
429307
42936
42940
42941
42942
42943
42944
42945
42961
42962
42963
42974
42975
42986
42998
42999
43011
430857
43096
43149
43188
43189
43190
431936
431937
43208
43287
43296
43385
43386
43387
43388
43389
43390
43391
43392
43393
43394
43397
43399
43437
43439
434512
43545
43546
43547
43548
43549
43551
43552
43553
43554
43555
43582
43584
43594
43636
43650
43651
43655
43663
43664
43665
43689
43690
437347
437348
437349
437350
437375
43747
43748
43766
43769
43780
43849
43850
43851
43852
43853
43858
43859
43860
43868
439140
439141
439142
439143
43932
43959
43960
43978
43987
43988
43989
43993
43994
43995
43999
44000
44001
44011
44016
44025
44027
44037
44038
44040
44041
44042
44057
44058
44059
44060
44061
44062
44063
44064
44065
44096
44098
44100
44102
44104
44106
44110
44111
441616
441617
441618
441707
441708
441709
441710
441711
441712
441713
441714
441715
441716
441717
441718
441719
441720
441722
441723
441724
441725
441726
441727
441728
44188
44234
442382
442383
442384
442385
442386
442387
442388
442389
442390
442391
44314
44315
44374
44375
44379
44380
44381
44382
44384
44395
44396
44397
44398
44399
44400
444375
44447
44494
44498
44503
44504
44508
44622
44623
44624
44629
44633
446787
446788
446789
44704
44710
447330
447331
447333
447334
44739
44740
448013
448014
44804
44819
44874
44899
44900
44901
44902
44903
44908
44910
44912
44917
44921
44948
44949
44950
44951
44952
449816
449817
449818
449819
449906
44998
449997
449998
449999
45007
45008
45009
45030
450413
45044
45090
45122
45132
45133
45135
45136
45137
45138
45139
451676
45169
451870
452786
45328
45333
45341
45364
45370
45404
45408
45409
45410
45411
45412
45413
454346
45512
45513
45514
45515
45517
455436
45550
45561
45562
45568
45611
45612
45613
45616
45617
45618
45619
45620
45803
45809
45811
458126
458127
458128
458129
45813
458130
45814
45939
45945
46012
46017
46024
46025
46054
461109
461110
461111
461112
461115
461878
462014
46244
46245
462509
462510
462511
462512
462513
462514
462515
462516
462517
462518
462519
462520
462521
462522
462523
462524
462525
462526
462527
462528
462529
462530
462531
462532
462533
462534
462535
462536
462537
462538
462539
462540
462541
462542
462543
462544
462545
462546
462547
462548
462549
46259
46260
46261
46262
46263
46264
46265
46458
46459
46460
46461
46462
46463
46474
464842
464843
464844
464845
464846
464847
464848
464960
46519
46522
46526
46527
46528
46529
46540
46541
46542
46543
46579
46583
46602
466263
466329
466340
46647
46648
46649
46665
466802
46763
46774
46780
46790
46810
46840
46928
470186
470464
470465
47076
47087
47088
47089
47094
47095
47096
47097
47098
471287
471288
471289
471290
471983
471984
471985
471986
471987
471988
471989
471990
471991
471992
471993
471994
471995
471996
471997
471998
471999
472000
472001
472002
472003
472004
472005
472006
472007
472008
472009
472010
472011
472012
472013
472014
472015
472016
472017
472018
472019
472020
472021
472022
472023
472024
472025
472026
472027
472028
472029
472030
472031
472032
472033
472034
472035
472036
472037
472038
472039
472040
472041
472042
472043
472044
472045
472046
472047
472048
472049
472050
472051
472052
472053
472054
472055
472056
472057
472058
472059
472060
472061
472062
472063
472064
472065
472067
472068
472069
472070
472071
472072
472073
472074
472075
472076
472077
472078
472079
472080
472081
472082
472083
472084
472085
472086
472087
472088
472089
472090
472091
472092
472093
472094
472095
472096
472097
472098
472099
472100
472101
472102
472103
472104
472105
472106
472107
472108
472109
472111
472112
472113
472114
472115
472116
472117
472118
472119
472120
472121
472122
472123
472124
472125
472126
472127
472128
472129
472130
472131
472132
472133
472134
472135
472136
472137
472138
472139
472140
472141
472142
472143
472144
472145
472146
472147
472148
472149
472150
472151
472152
472153
472154
472155
472156
472157
472158
472159
472160
472161
472162
472163
472164
472165
472166
472167
472168
472169
472171
472172
472173
472174
472175
472176
472177
472178
472179
472180
472181
472182
472183
472184
472185
472186
472187
472188
472189
472190
472191
472192
472193
472194
472195
472196
472197
472198
472199
472200
472201
472202
472203
472204
472205
472206
47251
472820
473603
474360
474712
474713
474822
474823
474824
474825
47564
47565
47566
47567
47568
47569
475828
47687
47732
47733
477479
47748
47774
47775
477975
47845
47850
47851
47852
47854
47875
47877
47878
47918
47925
47926
47979
47984
479926
479927
479928
479929
479930
479931
48013
48028
48029
48030
48031
48045
481225
48123
48124
48131
48132
48133
48223
48224
48270
482738
482910
482916
48335
48336
48338
48339
48340
48341
48342
48345
48346
48352
48354
48355
48367
48368
48415
48416
48417
48418
48419
48420
48421
48479
48495
48503
48551
48552
48553
48554
48555
48556
48557
48558
48559
48620
486342
486343
486700
486785
486859
486860
48699
48760
488046
488047
488048
488049
488050
488051
48876
48915
48940
48941
48942
48943
48944
48945
48947
48949
48950
48951
48954
48956
49038
490704
49089
49105
491062
49160
49161
49162
49163
49166
49167
49208
49220
49256
49257
492895
492896
492897
49315
49316
49317
49318
49333
49374
49375
49376
49377
49378
49379
49380
49382
49383
49384
49385
49415
49416
49417
49418
49419
49420
49421
49422
49423
49424
494997
494998
494999
495000
49528
49529
49543
49544
49545
49546
49547
49548
49549
495918
496387
496388
496389
496669
496670
496671
496672
496673
496800
497408
49741
49742
49743
497513
49794
497978
497995
498430
498431
498432
498454
498455
498456
498457
498458
498459
498460
498461
49848
49852
49860
49861
49867
49869
49871
498713
498714
49874
49883
49884
49885
49886
49887
49888
49889
49890
49891
498974
498979
49899
49900
49901
49902
49998
500086
500087
500088
500089
500090
500091
500092
500093
500094
500095
500096
500097
500098
500099
500100
500101
500102
500103
500104
500105
500106
500107
500108
500109
500110
500111
500112
500113
500114
500115
500116
500117
500118
500119
500120
50081
50098
50108
50112
50113
50114
501146
501148
501149
501150
501151
501152
501153
501154
502009
502010
502011
50240
50247
50270
50272
50274
50283
50305
50306
50307
50308
50309
503407
503408
503409
503410
503411
503412
503947
50405
50410
50411
50428
50430
50450
50489
50649
50650
50651
50652
50653
50656
50657
50658
50659
50704
50725
50736
50737
50738
50739
50740
50741
50879
50880
50881
50882
509308
509309
509310
509311
509312
509313
509314
509315
509316
509317
509318
509319
509320
510026
510028
510029
510030
510031
510032
51009
51010
51011
51012
51013
51014
51015
51016
51017
51139
51140
51141
51142
511803
51297
513157
51316
51317
51318
51319
51320
51321
51322
51323
51324
51325
51326
51327
51328
51329
51330
51331
51332
51333
51334
51335
51347
51348
51349
51350
51351
51352
51353
51354
51355
51357
51358
51359
51360
51362
51404
51450
51451
51452
51453
51454
51472
51473
51474
51475
51476
514852
514853
51490
51491
51492
51494
51508
51509
51510
51511
51637
51638
51639
51640
51641
51642
51643
51647
51648
51649
51651
51652
51653
51654
51660
51700
51701
51702
51703
51704
51705
51797
518029
518030
518031
518032
518033
518034
518035
518036
518037
518038
518039
51806
51807
518079
51808
518080
518081
518082
518083
518084
518085
518086
518087
518088
518089
51809
518090
518091
518092
518093
518094
518095
51884
51909
51910
51911
519507
519509
519510
519511
52053
52054
52055
52058
520644
520645
520646
520647
520648
52069
52070
52071
52072
52073
52074
52075
521303
52134
52135
52136
52137
52138
52139
52140
52141
521416
521418
521419
521420
521421
521422
521423
521424
521425
52147
521599
521600
521601
521602
521603
522320
52251
522979
52310
52409
52410
52411
52412
52562
52563
52564
52565
52581
526814
526843
526844
52733
52734
527554
527582
527583
527584
527631
52857
52858
52860
52861
52862
52863
529449
52970
530425
530426
530429
53048
53090
53091
53092
531010
53117
53118
53119
53120
53121
53122
53123
53124
53125
53126
53142
53159
53241
53242
533453
533694
533695
53404
53405
53406
53427
53428
53429
53430
53431
53432
53433
53434
53435
53438
53439
53449
53466
53467
534903
53519
53520
535201
535202
535629
535691
53581
53748
53749
53750
53754
53755
53757
53800
53835
53836
53858
53882
53884
53885
53886
53888
53889
53890
53920
53949
540324
54136
54137
54161
54162
54212
54215
54226
54227
54228
54229
54230
543706
543707
543708
54431
54467
54468
54469
54470
54471
54472
54621
54622
54624
54625
54627
546448
54674
54679
54725
54755
54756
54757
54758
54759
54820
548859
548860
548861
548862
548863
548864
548865
548867
548868
548869
548870
548871
548872
548873
548874
548875
548876
548877
548878
548879
550198
55031
55038
55039
55040
55052
550807
550808
550809
550810
55092
55093
55094
55095
550964
551019
551020
551021
551074
551075
55134
55136
55177
55178
55262
55276
55277
55278
55280
55352
55353
55354
55363
55401
55410
55426
55427
55428
55429
55439
55440
55448
55506
55536
55554
55556
55557
55558
55559
55560
55561
55570
55572
55573
55574
55575
55577
55578
55580
55581
55583
55584
55585
55657
55659
55660
557384
557386
557388
55772
55914
55921
55922
55928
55932
55956
55963
56029
56047
560534
56093
56094
56095
56096
56098
56099
56101
56103
56104
56105
56106
56107
56108
56109
56117
562343
562346
56264
56265
56266
563452
564455
56482
56483
56484
56485
56486
56496
56497
56498
56499
56500
56523
56524
56526
56527
56534
56535
56537
56539
565652
565653
56590
56592
56621
56629
56630
56636
56637
56638
56639
567026
567027
567028
567029
567030
567031
567032
567033
567034
567035
567036
567037
567038
567039
567040
567041
567042
56735
56795
56803
56804
568153
56891
56892
56933
56934
56953
56954
56955
56956
56979
56982
56988
569947
570009
570154
57053
57069
57070
57079
57080
57081
57082
57083
57084
57085
57106
57140
57177
57178
57179
57180
57181
57191
57253
57254
57255
57256
57311
57312
57330
57331
57332
57353
57354
57355
57356
57357
57416
57418
57419
57420
57421
57422
57423
57428
574283
57429
57463
57464
57467
57468
57469
57500
57587
57656
57657
57658
57659
57680
57713
57714
577765
577766
57800
57809
57810
57811
57812
57827
57854
57896
57897
579053
579054
579055
579056
57908
57909
57910
579369
57937
579370
579371
57942
57945
57948
57991
57993
58007
58008
58009
58010
58011
58012
58020
58021
58035
58051
58052
58053
58054
58055
58069
58070
58072
58111
58112
58113
58124
58167
58168
582284
582285
58238
58261
58266
58306
58390
58392
58393
58394
58395
58439
58564
58708
58732
58733
58734
58735
58874
58876
58877
58878
58879
58886
58933
58938
58939
58961
58982
59052
59061
59079
59080
59081
59082
59083
591211
591212
591213
591214
591215
591216
591217
591218
591219
591220
591221
591222
591223
591224
591225
591226
591227
591228
591229
591230
591231
591232
591233
591234
591235
591236
591237
591238
591239
591240
591241
591242
591243
591244
591245
591246
591247
591248
591249
59125
591250
59126
59127
59128
59158
59196
59197
59226
59227
59228
59229
59230
59285
59297
59299
59301
593079
593082
593083
593084
59323
59333
593380
593381
593382
593383
593384
593385
593386
593387
593388
59373
59375
59376
59408
59440
59492
59494
59495
59497
595269
59546
59559
59560
59703
59704
59705
59706
59707
59708
59709
59710
59715
59747
59748
59749
59750
59751
59752
59753
59756
59757
59758
59760
59764
59766
59767
59769
59770
59771
598330
59849
59936
59941
59942
60094
60099
60100
60101
601642
601643
601644
601645
601646
601647
60170
60171
60172
60222
60223
60246
60253
60260
60261
60262
60264
60265
60266
60267
60268
60269
60270
60271
60273
60274
60275
60276
60277
60278
60304
60328
60364
60435
60458
60507
60511
60512
60513
60514
60515
60516
60517
60550
60554
60565
60568
60583
60584
60604
60682
60683
60700
60716
60745
60813
60814
60816
60843
60844
60845
60847
60848
60861
60862
60863
60866
60880
60916
60918
60927
60941
609436
60955
61039
61082
61083
61084
61085
61134
61136
611538
611551
611675
611676
611677
611678
611679
611680
611681
611682
611683
611684
61181
61192
61193
61194
61195
61196
61197
61198
61199
61200
61201
61242
61256
61258
613006
613007
613009
613010
61319
61320
61374
61384
61393
61394
61395
61413
61418
61431
61432
61433
61434
61435
61457
61458
61459
61460
61461
61462
61463
61464
61583
61585
61633
616339
61635
61668
61669
61755
61757
61759
61760
61761
61762
61764
61765
61767
61792
619534
619537
619538
619539
619567
619568
619569
619670
619671
619675
62100
621685
621686
621999
622000
622001
622002
622003
622004
62286
62287
62288
623170
623171
623172
62414
62415
62454
62526
62570
62571
62572
62587
62592
62593
627211
627212
627213
627441
62747
62860
62880
62987
62989
62990
62991
62992
62998
63052
63053
63054
63055
63057
630796
630797
632185
63234
63244
63245
63277
63403
63405
63422
63423
63424
63445
63446
63447
63448
63449
63450
63451
63452
63461
63462
63465
63466
63467
63474
63497
63502
63506
63516
63535
63556
63557
63558
635745
635746
635747
635748
635749
635750
635751
635752
635753
635754
635755
63614
636794
636795
636796
636797
636798
636799
636800
636801
636802
636803
636804
636805
636806
636807
636808
636809
636810
636811
636812
636813
636814
636815
636816
636817
636818
636819
63709
63769
63785
63788
63871
63942
63943
639929
639930
641138
641139
641140
641141
641142
641143
641144
641145
641146
64121
64194
642501
642502
642503
64316
64329
64444
64573
64574
64575
64576
64577
64578
64579
64710
64764
64821
648236
64824
64891
649193
649538
649539
649540
649541
64957
64983
64988
64989
64990
64991
64992
65002
65003
65004
650178
650179
650180
650181
650182
650183
650184
650185
650186
650187
65033
65141
65142
65143
65144
65149
65150
65278
65279
65281
65282
65285
65301
653930
653931
65394
65395
65399
65400
65401
65402
65414
65443
65444
65504
65509
65522
65526
65559
65560
65561
65562
65563
65564
65582
65583
65584
65585
65586
65587
65588
65591
65603
65604
65605
65606
65607
656071
65608
65609
65610
65611
65612
65614
65615
65616
65617
65618
65619
65633
65634
65641
65642
65643
65644
656709
65754
65755
65756
65757
65758
65778
65779
65904
65942
66108
66112
66121
66125
66129
662071
663109
66345
66375
66376
66377
66378
66478
66479
66480
66481
66482
66483
66484
66485
66486
66566
66611
66638
66639
66640
66678
66773
66783
66784
667995
668056
668057
668418
668419
668421
66870
66902
66952
66964
66965
669962
669963
669964
669965
669966
669967
669968
669969
669970
669971
669972
669978
669979
67005
67050
67120
67121
67122
67223
67285
673086
67331
67334
673783
67408
674844
674845
674846
674847
674848
67497
67501
67516
67523
67524
67550
67551
67564
67566
67608
67709
677339
677340
677341
677342
67785
67786
67792
67817
67821
678267
67855
67856
67857
67858
67885
67888
67889
67890
67891
67893
67919
67923
67924
67925
67926
67927
67928
67929
679615
679616
679617
679618
67982
67983
67984
67985
67986
67987
67988
67989
67990
67991
67992
67993
67994
681051
681062
68197
68199
68203
68215
68216
682288
682289
682290
682291
682292
68246
68247
68248
68249
68250
68251
68254
68255
68256
68334
68335
68339
68370
68371
68372
68380
68381
68382
68415
68416
68434
68435
68454
68455
68458
68459
68500
68501
68504
68509
68510
68511
68595
686055
686056
68645
68646
68647
68648
68649
68651
68653
68654
68655
68656
68658
68659
68661
68662
68679
68706
68718
68719
68730
68731
687408
68742
68743
687430
68807
68812
68813
68814
688362
688363
688364
688365
688366
688367
688369
688370
68933
68934
68935
69056
69057
69058
69078
69079
69085
69088
69089
69090
69091
69092
69107
69108
69109
69128
69131
69164
69165
69166
69167
69168
69169
69170
69171
69172
69220
69242
69257
69259
69260
69261
69264
69265
69266
69267
69268
69325
693468
693469
693470
693471
693472
693473
693474
69349
69351
69352
693566
69399
69402
69403
69404
69405
69406
69534
69537
69547
69548
69549
69660
69685
69689
69693
69694
69696
69697
69701
69702
69705
69707
697192
697194
697196
697201
697202
697203
697204
697205
697206
697207
697208
697209
697210
697211
697212
697213
697214
697215
697216
697217
697218
697219
697220
697221
697222
697223
697224
697225
697226
697227
697228
697229
697230
69729
69730
697602
697612
697757
69880
69883
69896
69899
69902
69910
69915
69917
69928
69930
69931
69932
69940
69945
69950
69951
69965
69975
69976
69977
69978
69979
69980
69981
69982
69983
69984
69985
69986
69987
69988
70022
70023
70024
70043
70044
70045
70046
70049
70057
70058
70059
70060
70061
70064
70065
70066
70067
70068
70069
700903
700904
700905
700906
700907
700908
70114
701637
702203
702204
702384
702385
702386
702387
702388
702389
702390
702391
702392
702393
702394
702395
702396
702397
702398
702399
702400
702401
702402
702403
702404
702405
702406
702407
702409
702411
702412
702413
702414
702417
702418
702419
702420
702421
702422
702423
702424
702425
702426
702427
703556
703557
703558
70368
70369
70370
70371
70372
70373
70374
70375
70376
70377
70378
70379
70380
703800
70381
70558
70559
70561
70562
70563
70564
70565
70614
706738
70746
70748
70823
70829
70830
70831
70832
70833
70834
70835
70836
70837
70838
70839
70840
70869
70921
70922
70923
70942
70943
70944
70948
709758
71041
71046
711139
711199
71154
71155
71156
71157
71158
71159
71160
71161
71162
71163
71164
71165
71166
71260
71261
71262
71263
71264
71265
71266
71277
71307
71316
71328
71329
71330
71331
71377
71379
71380
71381
71382
71383
71387
71389
71390
71391
71392
71461
71462
71493
71531
71554
71565
71566
71622
71623
71691
71692
71693
71709
71710
71711
71712
71722
71760
71761
71762
71763
71764
71768
718339
71919
71920
719337
719790
719791
71987
71988
71989
71990
71991
71992
71994
71995
71996
71997
71999
72000
72001
72002
72014
72015
72016
720340
720341
72087
72093
72094
72095
72096
72097
72100
72101
72107
72158
721775
72189
72190
72191
72203
72211
72212
72213
72214
72215
72216
72217
72223
72224
72225
72226
72227
72228
72286
72317
72318
72320
72321
72323
72324
72326
72327
72329
72330
72332
72333
72337
72347
72348
72361
72363
72381
723831
723832
723890
723891
723892
723893
723894
723895
723896
723897
723898
723899
723900
723901
72419
725415
725416
72581
72582
72598
72599
72600
72601
72602
72603
72604
72605
72606
72607
72608
72609
72610
72611
72612
72613
72657
72658
72665
72666
726664
726665
72668
72669
72670
72671
72760
72780
72798
72869
72870
72879
72881
72896
72947
72948
72960
73020
73058
73068
73075
73077
73081
73082
73083
73084
73085
73086
73088
73089
73090
73100
73101
73133
73134
73135
73152
73153
73154
73155
73156
73157
73158
73160
73161
73162
73163
73164
73177
73179
73183
73184
73192
73236
73248
73265
73266
73268
73269
73271
73335
73336
73337
73338
73339
73340
73342
73400
73409
73410
73412
73413
73414
73416
73417
73421
73427
734278
734279
73428
734280
734281
73429
73430
73431
73432
73435
73443
73444
73445
73446
73448
73453
73464
73470
73471
73473
73474
73486
734960
734961
734962
734963
735907
736023
736024
736124
73700
73736
73737
73738
73739
73764
73782
73783
73784
73785
73858
73863
73865
73866
73867
73868
73869
73876
73877
73932
73933
73934
73986
73998
740247
740249
740251
740253
740391
740392
740393
740640
74107
74126
74150
74151
74152
741525
741526
741527
741528
741529
74153
741531
741532
74154
74155
74157
74242
74267
74381
74439
74447
74448
74449
74450
74452
74454
74455
74457
74458
74459
74461
74462
74468
74470
74471
74492
74494
74495
74496
74497
74500
74543
74599
74600
74641
74642
74659
74660
74681
74690
74730
74767
74780
747837
747838
74804
74890
74932
74933
74934
74944
75057
75059
75062
75068
75088
75090
75092
75095
75096
75097
75098
750987
750988
75101
75103
75106
75113
75114
75115
75116
75117
75118
75119
75121
75122
75124
75133
75135
75142
75147
75181
752189
75231
75232
75269
75270
75275
75277
75279
75282
75283
75357
75359
75360
75361
75443
754638
75493
75496
75549
75622
75623
75650
75651
75652
75653
75654
75655
75656
75657
75658
75659
75660
75661
75662
75663
75665
75667
756802
756803
756805
756806
756871
756872
756873
75699
75810
75845
75848
